0
35673
58089
73089
98170
35360
78189
5731
7640
74017
74870
41320
34974
65976
98688
99801
15537
38114
49574
0
19376
31318
59523
83066
93250
15537
0
87850
0
41320
9284
0
87836
0
66187
1802
92575
75380
65211
57039
0
22359
75398
66342
59143
1
0
48360
0
39258
2040
44387
91243
54464
70846
87836
64817
17983
23893
73798
10429
13797
31398
80457
35360
76171
71178
56406
96973
33838
31963
12101
96166
1802
75238
31679
0
0
7876
30484
74939
961
34916
45513
10261
0
23377
55713
81210
41320
51708
65296
3704
49377
71095
39858
65296
35673
12244
9070
0
4580
64035
0
0
19476
33275
80254
87049
84410
31398
5340
56300
32791
94191
88958
93057
32705
0
60696
85679
30903
0
93973
19376
21541
22604
0
49011
0
16001
16001
48360
0
36902
62212
38898
0
31748
16001
39858
686
0
1
72833
62332
37451
82528
51885
98210
88475
74973
0
15265
0
51885
31748
28272
99267
0
67951
0
65296
88958
64550
88209
54404
96973
12101
0
5524
58566
25947
48896
28684
22854
0
98170
39269
32905
0
34395
46838
0
12996
60573
24127
0
14196
64225
0
61856
93195
1935
0
0
24127
74820
77675
71749
85044
0
3677
47885
5905
44001
28770
3269
89473
87763
0
5340
4498
99434
79796
45025
14576
35670
46167
0
5905
49377
24058
13179
13782
36369
32298
32705
12088
93195
83457
23942
75238
0
70846
0
51708
7968
74939
74820
71178
12426
84789
99114
39858
31963
0
831
0
86547
43682
36369
5563
0
33838
46167
59523
88156
28014
15265
24058
94082
88209
16960
90947
27879
63470
21541
0
29697
0
2223
88424
38898
87677
0
46838
47419
19742
545
5340
49245
64225
12244
41948
32791
76517
96698
38928
27879
9284
22854
26777
17983
57157
-1
54626
98688
1617
93604
71095
89473
79519
88621
30284
82300
81210
1073
38898
0
60573
54464
59143
71095
0
2040
80254
89889
58566
60696
-1
12247
96603
19199
0
7968
41320
14196
56406
0
54404
13202
99801
59143
28770
35065
99801
26656
0
62332
77675
61347
84410
61347
60696
0
12426
79757
57157
0
87589
28272
56300
12247
1
31748
71800
74370
24058
28498
74820
1798
49896
0
54501
30903
5905
5905
44001
37324
60696
0
30523
0
47419
45407
0
61856
0
80361
66821
19078
49011
0
0
0
59153
19742
1935
26685
0
28498
99801
86945
35670
5905
0
19476
11017
79569
61347
12699
35673
31318
66342
85386
32587
52254
12194
29261
0
82300
14576
54501
49664
86016
12088
16001
0
12101
66821
88365
48896
70906
78309
10261
28498
75380
35670
99801
0
10429
0
87677
89839
93057
84198
78949
19078
78189
5905
91769
5181
34916
19476
36369
0
1802
70846
21541
30484
38928
0
0
6925
88958
79757
58709
53759
87677
51708
0
84198
39699
52071
87589
87589
56300
1875910664
0
96698
0
35673
50552
54626
37607
0
2005
47167
961
32383
0
66516
98170
0
32383
0
31318
72833
0
82661
12181
13179
0
96951
93413
86945
0
32705
70906
